//-------------------------------------------------------------------
const float table[8][16] = 
{
	{  0.0,  1000.0,  1500.0,  2000.0,  2500.0,  3000.0,  3500.0,  4000.0,  4500.0,  5000.0,  5500.0,  6000.0,  6500.0,  7000.0,  7500.0,  8000.0},
	{  0.3,  29818.4,  30189.3,  30535.4,  30860.1,  31160.1,  31236.8,  31688.9,  31931.6,  32164.7,  32391.4,  32606.3,  32797.5,  32951.8,  33058.5,  33116.9},
	{  0.4,  28115.4,  28512.9,  28881.4,  29226.6,  29551.4,  29848.1,  30122.7,  30378.9,  30624,  30859.4,  31088.1,  31301.7,  31489.3,  31637.4,  31738.8},
	{  0.5,  26487.8,  26914.6,  27305.8,  27668.9,  28008.7,  28328.8,  28622.3,  28893.8,  29147.4,  29389.8,  29622.9,  29848.2,  30058.8,  30243.2,  30388.3},
	{  0.6,  24928.2,  25378.8,  25798.2,  26181.5,  26536.5,  26868.1,  27181.4,  27469.5,  27735.6,  27983.2,  28219,  28445.7,  28665.7,  28871.9,  29054},
	{  0.7,  23448.5,  23908.2,  24340.8,  24751.4,  25126.6,  25472.1,  25793.8,  26096.5,  26379.6,  26638.2,  26877.8,  27105,  27323.3,  27535.2,  27735.8},
	{  0.8,  22040.3,  22507.8,  22949.8,  23365.9,  23760.6,  24129.2,  24465.6,  24777.1,  25068.5,  25342.8,  25593.8,  25825.6,  26043,  26251.6,  26452.8},
	{  0.9,  20697.6,  21171.2,  21619.7,  22043.1,  22442.3,  22819.6,  23177.9,  23507.1,  23808.7,  24088.5,  24350.6,  24596.1,  24820.4,  25028.8,  25226.5},
}
