//-------------------------------------------------------------------
const float table[8][16] = 
{
	{  0.0,  1000.0,  1500.0,  2000.0,  2500.0,  3000.0,  3500.0,  4000.0,  4500.0,  5000.0,  5500.0,  6000.0,  6500.0,  7000.0,  7500.0,  8000.0},
	{  0.3,  12851.5,  13227.2,  13596.4,  13967.5,  14334.1,  14681.2,  15007.9,  15315.4,  15607.5,  15871.1,  16109.7,  16328.8,  16532.1,  16717.1,  16886.5},
	{  0.4,  11761.8,  12157.2,  12547.9,  12942.2,  13324.6,  13686.7,  14027.9,  14349.3,  14652.2,  14937.7,  15194.7,  15428.8,  15644.7,  15845.1,  16028.1},
	{  0.5,  10741.1,  11155.9,  11567.3,  11982.3,  12376.9,  12750.8,  13103.4,  13435.6,  13748.7,  14043.4,  14320.7,  14570.9,  14799,  15009.8,  15205.7},
	{  0.6,  9783.01,  10218.9,  10656.2,  11082.2,  11486.5,  11869.4,  12230.8,  12571.5,  12892.9,  13195.4,  13479.2,  13747.6,  13990.4,  14211.7,  14416},
	{  0.7,  8887.75,  9343.92,  9802.1,  10237.3,  10649.1,  11038.3,  11406.6,  11753.8,  12081.3,  12390.1,  12680.2,  12952.4,  13210.3,  13445.7,  13659.4},
	{  0.8,  8056.8,  8539.31,  8998.63,  9440.81,  9858.87,  10253.6,  10626.4,  10978.7,  11311,  11624.4,  11919.6,  12196.6,  12456.7,  12701.8,  12930.4},
	{  0.9,  7291.11,  7783.15,  8249.62,  8690.17,  9108.93,  9508.76,  9885.84,  10241.9,  10578.1,  10895,  11193.7,  11474.9,  11738.6,  11986.3,  12218.6},
}
