//-------------------------------------------------------------------
const float table[8][16] = 
{
	{  0.0,  1000.0,  1500.0,  2000.0,  2500.0,  3000.0,  3500.0,  4000.0,  4500.0,  5000.0,  5500.0,  6000.0,  6500.0,  7000.0,  7500.0,  8000.0},
	{  0.3,  45466.2,  45796,  46111.1,  46416.9,  46709,  46979.4,  47211.9,  47391.4,  47511.6,  47569.2,  47565.9,  47514.9,  47420,  47279,  47076.2},
	{  0.4,  43215.8,  43566.1,  43899.1,  44217.7,  44527.1,  44821,  45089,  45318,  45493.7,  45612.2,  45669.4,  45671,  45628.1,  45544.2,  45410.2},
	{  0.5,  41059,  41432.1,  41779.7,  42110.1,  42426.1,  42732.8,  43022.4,  43288.3,  43515.9,  43692.6,  43814.4,  43877.3,  43887.5,  43856.4,  43784.7},
	{  0.6,  38986.2,  39383,  39750.8,  40092.3,  40415.7,  40724.5,  41021.8,  41305.3,  41567.9,  41797.1,  41978.7,  42108.2,  42181.4,  42204.3,  42185.9},
	{  0.7,  36992.8,  37448.1,  37797.8,  38158.6,  38492.5,  38805.7,  39102.8,  39388,  39662.8,  39921.3,  40152.6,  40341.6,  40481.8,  40569.5,  40607},
	{  0.8,  35085.5,  35511.1,  35910.5,  36291.2,  36643.9,  36969.5,  37271.1,  37555.5,  37826.9,  38090.8,  38342.1,  38573.2,  38770.7,  38923.6,  39029.6},
	{  0.9,  33232.9,  33685.1,  34100.4,  34487.8,  34861.1,  35195.4,  35513.3,  35805.2,  36076.9,  36335.7,  36584.9,  36826.3,  37053.9,  37257.7,  37425.1},
}
