//-------------------------------------------------------------------
const float table[8][16] = 
{
	{  0.0,  1000.0,  1500.0,  2000.0,  2500.0,  3000.0,  3500.0,  4000.0,  4500.0,  5000.0,  5500.0,  6000.0,  6500.0,  7000.0,  7500.0,  8000.0},
	{  0.3,  74802.1,  74956.4,  75022.1,  75012.9,  74941,  74808,  74616,  74348.4,  74008.8,  73546.1,  72586.9,  71363.5,  70110.6,  68820.6,  67473.7},
	{  0.4,  71568,  71802.9,  71961.3,  72035.7,  72040.4,  71983.9,  71869.8,  71696.6,  71446,  71134.1,  70630.5,  69617,  68471.6,  67287.9,  66062.8},
	{  0.5,  68404.2,  68713.3,  68957.2,  69127.9,  69218.2,  69240.7,  69203.7,  69111.8,  68962.5,  68737.5,  68455.3,  67965.7,  66990.6,  65916.9,  64802.2},
	{  0.6,  65307,  65673,  65990.9,  66248.1,  66437.8,  66548.8,  66592.7,  66579,  66512.2,  66391.1,  66199.4,  65947.9,  65535,  64653.3,  63644.4},
	{  0.7,  62306.3,  62693.7,  63058.2,  63385.2,  63658.1,  63869.3,  64007,  64076,  64088.6,  64048.2,  63957.9,  63804.2,  63584.9,  63272.5,  62549.9},
	{  0.8,  59429.9,  59817.5,  60192.9,  60550.4,  60881.9,  61169.9,  61403.1,  61573,  61671.1,  61712.2,  61700.2,  61639.5,  61525.5,  61344.2,  61110.5},
	{  0.9,  56680.3,  57070,  57440.3,  57798.2,  58143.6,  58471.7,  58770.7,  59023.8,  59223.2,  59358.1,  59430.4,  59449.3,  59418.2,  59342,  59207.7},
}
