//-------------------------------------------------------------------
const float table[8][16] = 
{
	{  0.0,  1000.0,  1500.0,  2000.0,  2500.0,  3000.0,  3500.0,  4000.0,  4500.0,  5000.0,  5500.0,  6000.0,  6500.0,  7000.0,  7500.0,  8000.0},
	{  0.3,  100089,  99860.6,  99552,  99128.6,  98648,  98129,  97490.3,  96695.5,  95836.5,  94819.9,  93594.2,  91986.7,  90358.1,  88921.9,  87710},
	{  0.4,  97235.6,  97072.9,  96863.5,  96565.1,  96161.8,  95713,  95215.6,  94534.1,  93831.2,  92980.7,  91977.8,  90696.8,  89148.5,  87593.9,  86326.6},
	{  0.5,  94507.9,  94411.9,  94268,  94078.1,  93804.5,  93428.8,  93008.6,  92539.4,  91892.8,  91225.4,  90408.8,  89439.6,  88180.7,  86696.5,  85208.8},
	{  0.6,  91893.4,  91854.6,  91771.9,  91645.4,  91475.3,  91236.9,  90896.6,  90501.7,  90067.4,  89469.8,  88842.5,  88081.5,  87165.7,  85991.4,  84569.2},
	{  0.7,  89384.5,  89384.8,  89357.5,  89287.5,  89178.7,  89027.7,  88827.2,  88534.7,  88164.3,  87762.3,  87277.5,  86643.5,  85955.1,  85108.8,  84070.6},
	{  0.8,  86956.6,  87008.5,  87015.4,  86992.2,  86936.7,  86845.2,  86711.2,  86541,  86302.8,  85969,  85591.9,  85170.4,  84592.4,  83984.5,  83217.2},
	{  0.9,  84517.1,  84661.6,  84742.5,  84764.9,  84743.5,  84698.6,  84619.5,  84506.3,  84356,  84164.2,  83891.1,  83538.6,  83157.3,  82702.7,  82106.7},
}
