//-------------------------------------------------------------------
const float table[8][16] = 
{
	{  0.0,  1000.0,  1500.0,  2000.0,  2500.0,  3000.0,  3500.0,  4000.0,  4500.0,  5000.0,  5500.0,  6000.0,  6500.0,  7000.0,  7500.0,  8000.0},
	{  0.3,  97780.5,  97554.1,  97239.2,  96844.6,  96413.7,  95961.5,  95376.4,  94647.1,  93783.1,  92803.5,  91538.6,  90106.2,  88683.8,  87330.9,  86101.8},
	{  0.4,  94770.5,  94644.8,  94434.4,  94139.3,  93769.3,  93378.5,  92946.8,  92368.1,  91664.1,  90845.3,  89834.4,  88587.8,  87215.2,  85874,  84617.6},
	{  0.5,  91867.3,  91826.8,  91721.8,  91535.5,  91267.5,  90926.5,  90565.4,  90162.5,  89614.2,  88948.1,  88172.6,  87190.2,  85990.1,  84677.6,  83404.2},
	{  0.6,  89082.1,  89086.3,  89062.7,  88982.6,  88826.9,  88591.4,  88283.9,  87944.3,  87577.7,  87080.7,  86461,  85726.6,  84827,  83696.3,  82438.3},
	{  0.7,  86407.1,  86450.7,  86462.4,  86450,  86396.4,  86276.4,  86079.5,  85810.8,  85488.8,  85156.3,  84727,  84162.2,  83507.1,  82691.7,  81648},
	{  0.8,  83786.4,  83900.2,  83956.5,  83975.6,  83969.2,  83936.5,  83851.9,  83698.4,  83472.7,  83180.1,  82864,  82504.4,  82011.8,  81414.2,  80727.7},
	{  0.9,  81146.7,  81355,  81498,  81576.8,  81607,  81605.8,  81581.7,  81527.9,  81418.2,  81240.5,  80992.5,  80687.2,  80372.4,  79973.1,  79443.5},
}
