//-------------------------------------------------------------------
const float table[8][16] = 
{
	{  0.0,  1000.0,  1500.0,  2000.0,  2500.0,  3000.0,  3500.0,  4000.0,  4500.0,  5000.0,  5500.0,  6000.0,  6500.0,  7000.0,  7500.0,  8000.0},
	{  0.3,  107931,  107503,  107067,  106633,  106040,  105252,  104300,  103325,  102421,  101589,  100829,  99781.4,  98477.1,  97149.4,  95866.4},
	{  0.4,  105777,  105399,  105008,  104594,  104177,  103565,  102770,  101839,  100921,  100072,  99284.7,  98583.8,  97425.5,  96163.5,  94884.5},
	{  0.5,  103776,  103480,  103114,  102738,  102335,  101930,  101338,  100571,  99664.8,  98787.1,  97969.5,  97210,  96536.3,  95375.9,  94146.5},
	{  0.6,  101891,  101657,  101381,  101045,  100658,  100262,  99865.9,  99326.3,  98612.1,  97736.6,  96877,  96074.8,  95326,  94659.2,  93586.2},
	{  0.7,  100100,  99927.9,  99706.3,  99447.7,  99123.1,  98743.1,  98351.2,  97954.7,  97488.2,  96845.9,  96018.4,  95160.6,  94364.1,  93610.3,  92933.6},
	{  0.8,  98387,  98265.5,  98102.4,  97896.5,  97641.8,  97343.3,  96970.7,  96583,  96176.9,  95776.5,  95212.7,  94468.2,  93620.4,  92820.2,  92048},
	{  0.9,  96782,  96684,  96545.1,  96391.6,  96191,  95954.1,  95668.9,  95330.4,  94931.5,  94526.2,  94117.3,  93665.7,  93029.3,  92228.8,  91408.9},
}
