//-------------------------------------------------------------------
const float table[8][16] = 
{
	{  0.0,  1000.0,  1500.0,  2000.0,  2500.0,  3000.0,  3500.0,  4000.0,  4500.0,  5000.0,  5500.0,  6000.0,  6500.0,  7000.0,  7500.0,  8000.0},
	{  0.3,  95072.6,  94857.1,  94572.5,  94253.8,  93912.7,  93500.5,  92972.1,  92306.6,  91502.4,  90461.9,  89115.6,  87758.4,  86504.5,  85259.4,  83981.4},
	{  0.4,  91940.7,  91811.2,  91617.4,  91359.4,  91073.2,  90761.1,  90368,  89858.4,  89207.9,  88418.6,  87362.2,  86035.5,  84808.3,  83632.4,  82442.2},
	{  0.5,  88914.4,  88875.5,  88769.3,  88601.6,  88370.3,  88110.3,  87827.7,  87465.7,  86990.1,  86374.7,  85622.8,  84605.1,  83346.6,  82189.6,  81074.2},
	{  0.6,  85962.5,  86010.7,  85996.7,  85916.8,  85778.4,  85574,  85336.7,  85082.9,  84763.5,  84334.6,  83770,  83077.9,  82143.6,  80953.1,  79847.4},
	{  0.7,  83073,  83191.9,  83261.3,  83274.1,  83224.1,  83116.4,  82944.1,  82726.7,  82497,  82222.9,  81851.9,  81352.6,  80731,  79916.1,  78834.3},
	{  0.8,  80221.2,  80412.7,  80550.8,  80640.9,  80680.2,  80663.4,  80586.4,  80451.4,  80260.6,  80046.3,  79811.5,  79501.9,  79079.3,  78531.7,  77847.9},
	{  0.9,  77349.8,  77635.9,  77858.5,  78019.1,  78127.5,  78191.2,  78206.9,  78164.9,  78066.3,  77914,  77716,  77504.8,  77251.7,  76909.6,  76448.5},
}
