//-------------------------------------------------------------------
const float table[8][16] = 
{
	{  0.0,  1000.0,  1500.0,  2000.0,  2500.0,  3000.0,  3500.0,  4000.0,  4500.0,  5000.0,  5500.0,  6000.0,  6500.0,  7000.0,  7500.0,  8000.0},
	{  0.3,  91962.6,  91794.8,  91584,  91318,  91007.8,  90627.2,  90149.1,  89598.5,  88768.8,  87377.7,  85896.3,  84457.2,  83075,  81834.1,  80686.6},
	{  0.4,  88669.9,  88574.9,  88436.4,  88249.3,  88013.3,  87730.6,  87370.8,  86917.8,  86387.7,  85495.6,  84106.6,  82741.7,  81385.2,  80122.1,  78984.1},
	{  0.5,  85484.7,  85476.1,  85407.3,  85292.4,  85133.1,  84925.9,  84671.7,  84342.9,  83924.9,  83430.5,  82567.7,  81245.4,  79961.5,  78681.2,  77504.8},
	{  0.6,  82356.2,  82451.6,  82469.6,  82428.2,  82336.3,  82205.9,  82026.8,  81802.8,  81512.3,  81137.3,  80696.1,  79946.5,  78720.5,  77497.9,  76283.4},
	{  0.7,  79227.2,  79441.5,  79572.6,  79622.6,  79608.9,  79542.7,  79439.5,  79288.8,  79094.8,  78847.1,  78524.6,  78134.1,  77545.9,  76474.4,  75291.4},
	{  0.8,  76097,  76402.2,  76646,  76816.2,  76906.5,  76924.8,  76887.1,  76806.5,  76686.7,  76522,  76316.9,  76048.9,  75703.3,  75264.6,  74438.8},
	{  0.9,  73002.2,  73361.2,  73679.4,  73948.2,  74155.1,  74290.5,  74348.5,  74345.2,  74290.9,  74198.7,  74065.2,  73895.7,  73680.1,  73393.8,  73039.2},
}
