//-------------------------------------------------------------------
const float table[8][16] = 
{
	{  0.0,  1000.0,  1500.0,  2000.0,  2500.0,  3000.0,  3500.0,  4000.0,  4500.0,  5000.0,  5500.0,  6000.0,  6500.0,  7000.0,  7500.0,  8000.0},
	{  0.3,  60429.2,  60753,  61033.4,  61252.3,  61404.3,  61481.4,  61486.2,  61431.7,  61322.3,  61161.2,  60930,  60639.2,  60208.3,  59318.5,  58285.6},
	{  0.4,  57621.6,  57975.9,  58301.2,  58580.4,  58799.5,  58952.6,  59031.4,  59042.5,  58998.7,  58903.5,  58754.7,  58536.9,  58265.8,  57770.8,  56856.1},
	{  0.5,  54916.3,  55288.1,  55641,  55966.1,  56247.7,  56471.1,  56630.5,  56717.7,  56740.9,  56711.4,  56633.2,  56503,  56305.8,  56055.7,  55556.8},
	{  0.6,  52326.3,  52700.9,  53065.5,  53412.7,  53736.8,  54022.5,  54253.7,  54424,  54525.8,  54565.1,  54553.3,  54494.2,  54387.2,  54215.7,  53993.4},
	{  0.7,  49847.7,  50228,  50592.1,  50944,  51282.9,  51603,  51892.3,  52133.4,  52318.7,  52439.8,  52498.7,  52506.8,  52468.9,  52387.5,  52246.8},
	{  0.8,  47466.5,  47861.1,  48231.5,  48582.9,  48919.6,  49246.6,  49557.8,  49846.6,  50097.3,  50297.8,  50442.8,  50525.6,  50555.6,  50541.1,  50484.7},
	{  0.9,  45161.8,  45576.9,  45965.4,  46326.4,  46664.7,  46986.6,  47295.4,  47593.6,  47875.6,  48132.8,  48349.3,  48517.2,  48628.5,  48684.3,  48695},
}
