//-------------------------------------------------------------------
const float table[8][16] = 
{
	{  0.0,  1000.0,  1500.0,  2000.0,  2500.0,  3000.0,  3500.0,  4000.0,  4500.0,  5000.0,  5500.0,  6000.0,  6500.0,  7000.0,  7500.0,  8000.0},
	{  0.3,  88273,  88216.7,  88088.6,  87898.9,  87633.3,  87277.2,  86858.1,  86135.1,  84828.1,  83429.8,  81981.2,  80486.7,  78953.4,  77532.5,  76126.9},
	{  0.4,  84742.5,  84775.1,  84737.1,  84630.7,  84466,  84221.8,  83893,  83490.7,  82693.8,  81412.4,  80102.1,  78732.9,  77314.9,  75902.9,  74573.5},
	{  0.5,  81292.6,  81424.6,  81478,  81462.6,  81383.1,  81244.2,  81030.7,  80736,  80364.7,  79604.7,  78398.9,  77165.6,  75876.8,  74536,  73218.8},
	{  0.6,  77874.7,  78119.7,  78278.2,  78356.8,  78368.3,  78316.7,  78208.5,  78032.1,  77775.5,  77454.3,  76821.4,  75712.6,  74556.2,  73346.6,  72085.5},
	{  0.7,  74484.9,  74817.3,  75086.7,  75277.8,  75385.8,  75428,  75406.9,  75331.3,  75196.2,  74985,  74710.9,  74254,  73300.8,  72211.5,  71081.2},
	{  0.8,  71140.3,  71529.3,  71877.4,  72168.9,  72395,  72541,  72616.9,  72631,  72588.2,  72494.3,  72332.3,  72098.7,  71788.3,  71095.2,  70072.9},
	{  0.9,  67899.2,  68299.1,  68683.2,  69039.6,  69351.9,  69608.4,  69800.5,  69914,  69965.1,  69959.1,  69902,  69788.6,  69608.6,  69371.8,  68966.7},
}
