//-------------------------------------------------------------------
const float table[8][16] = 
{
	{  0.0,  1000.0,  1500.0,  2000.0,  2500.0,  3000.0,  3500.0,  4000.0,  4500.0,  5000.0,  5500.0,  6000.0,  6500.0,  7000.0,  7500.0,  8000.0},
	{  0.3,  106671,  106235,  105828,  105344,  104784,  104104,  103261,  102275,  101352,  100563,  99489.3,  98167.3,  96831.6,  95533.5,  94267.4},
	{  0.4,  104426,  104063,  103656,  103272,  102793,  102244,  101560,  100727,  99768.9,  98917.9,  98190.9,  97015,  95725.5,  94454.3,  93221.4},
	{  0.5,  102307,  102035,  101688,  101299,  100930,  100470,  99937.2,  99276.9,  98466.2,  97542.7,  96731.2,  96032.8,  94853.4,  93608.2,  92382.6},
	{  0.6,  100288,  100093,  99844.2,  99514.4,  99132.6,  98773.4,  98343.6,  97835.6,  97217.6,  96443.1,  95553.1,  94747.3,  94059.2,  92963.5,  91758.9},
	{  0.7,  98366,  98227.3,  98046,  97814.4,  97511.3,  97129.6,  96778.3,  96383.4,  95901.8,  95336.8,  94617.7,  93769.4,  92944.1,  92245.6,  91303.5},
	{  0.8,  96530,  96430.4,  96305.2,  96129.9,  95915.3,  95644.8,  95305.8,  94920.5,  94551.5,  94102.4,  93588.9,  92946.7,  92167.6,  91314.9,  90580.9},
	{  0.9,  94780.2,  94718.5,  94616.8,  94489.5,  94327.7,  94124.9,  93876,  93573.5,  93141.6,  92815,  92415.5,  91937.5,  91376,  90674.2,  89853.5},
}
