//-------------------------------------------------------------------
const float table[8][16] = 
{
	{  0.0,  1000.0,  1500.0,  2000.0,  2500.0,  3000.0,  3500.0,  4000.0,  4500.0,  5000.0,  5500.0,  6000.0,  6500.0,  7000.0,  7500.0,  8000.0},
	{  0.3,  103762,  103409,  102990,  102474,  102038,  101507,  100953,  100344,  99142.5,  97824.1,  96518.6,  95237.4,  93960.9,  92518.5,  90836.4},
	{  0.4,  101240,  100961,  100625,  100223,  99741.8,  99330.9,  98820.5,  98292.3,  97607.6,  96403.8,  95139.7,  93900.2,  92676.9,  91451.3,  89955.3},
	{  0.5,  98853.9,  98647,  98386.4,  98068.6,  97688,  97231.1,  96840.6,  96354.5,  95848,  95171.9,  94008.3,  92790,  91603.3,  90425.3,  89243.5},
	{  0.6,  96593.1,  96437.9,  96246.1,  96005.8,  95709.3,  95351.5,  94909.8,  94539.1,  94078.2,  93593.6,  93010.8,  91902.4,  90724.5,  89579.7,  88437.7},
	{  0.7,  94399.2,  94324.7,  94186.9,  94009.2,  93790.1,  93515.7,  93182.1,  92757.2,  92380.8,  91965.1,  91499.4,  90987.8,  90036.8,  88900,  87783.4},
	{  0.8,  92266.8,  92238.4,  92184.3,  92074.3,  91908.6,  91706.3,  91454.7,  91150.5,  90792,  90364.7,  89996.2,  89540,  89058.7,  88359.4,  87275.8},
	{  0.9,  90192.1,  90218.5,  90198.8,  90145.7,  90064.2,  89922.1,  89733.4,  89505.3,  89228.8,  88899.1,  88522.3,  88103.3,  87698,  87236.8,  86738.1},
}
