//-------------------------------------------------------------------
const float table[8][16] = 
{
	{  0.0,  1000.0,  1500.0,  2000.0,  2500.0,  3000.0,  3500.0,  4000.0,  4500.0,  5000.0,  5500.0,  6000.0,  6500.0,  7000.0,  7500.0,  8000.0},
	{  0.3,  105291,  104890,  104420,  103928,  103440,  102898,  102156,  101291,  100433,  99279,  97994.8,  96697.5,  95388.8,  94067.8,  92625.6},
	{  0.4,  102912,  102587,  102207,  101754,  101296,  100830,  100292,  99541.7,  98707.7,  97906.2,  96690.7,  95459.5,  94203.3,  92939.4,  91664},
	{  0.5,  100675,  100423,  100115,  99754.3,  99324.6,  98886.4,  98438.6,  97919.6,  97189.5,  96388.6,  95622.4,  94427.8,  93238.3,  92019.2,  90789.8},
	{  0.6,  98534.8,  98365.7,  98132.3,  97842.7,  97498.7,  97098.4,  96667.9,  96235.5,  95752.9,  95066.4,  94293.5,  93543.1,  92442.6,  91287.4,  90099.5},
	{  0.7,  96476.6,  96367.8,  96216.8,  96005.1,  95733.9,  95411.8,  95044.3,  94616.1,  94193.1,  93738.1,  93133,  92391,  91643.9,  90688.1,  89565},
	{  0.8,  94504.4,  94438.5,  94334.6,  94197,  94013,  93765.1,  93468.3,  93123,  92715.7,  92288,  91854.2,  91344.6,  90651.1,  89909,  89131},
	{  0.9,  92606.8,  92581.2,  92511.8,  92418.2,  92286.9,  92121.1,  91903.1,  91629.6,  91309.3,  90942,  90506.9,  90077.8,  89620.6,  89036.4,  88318.6},
}
