//-------------------------------------------------------------------
const float table[8][16] = 
{
	{  0.0,  1000.0,  1500.0,  2000.0,  2500.0,  3000.0,  3500.0,  4000.0,  4500.0,  5000.0,  5500.0,  6000.0,  6500.0,  7000.0,  7500.0,  8000.0},
	{  0.3,  102046,  101766,  101410,  100982,  100489,  99923.5,  99467.7,  98634.5,  97614.5,  96388.6,  95060.4,  93757.3,  92255.9,  90629.7,  89070.7},
	{  0.4,  99344.8,  99143.6,  98881.1,  98541.2,  98127.3,  97664.7,  97147,  96658.3,  95834.6,  94814.1,  93604.4,  92335.1,  91101.4,  89579.7,  88007.9},
	{  0.5,  96809.9,  96640.1,  96456.9,  96214.9,  95895.4,  95503.6,  95066.5,  94580.3,  94111,  93318.6,  92329.9,  91158.5,  89941.1,  88751.9,  87272.7},
	{  0.6,  94404.2,  94284.8,  94124.1,  93954.9,  93737.1,  93442.6,  93079.9,  92662.6,  92193.3,  91789,  91048.3,  90119.2,  89001.2,  87826.2,  86693.7},
	{  0.7,  92063.2,  92021.9,  91923.3,  91772.1,  91608.9,  91416.9,  91152.7,  90822.4,  90426.2,  89965.4,  89606.6,  88975,  88129.2,  87084.2,  85947.6},
	{  0.8,  89755.5,  89790.4,  89770.2,  89694,  89564.3,  89400.8,  89223.8,  88993.3,  88693.5,  88333.5,  87940.6,  87508.7,  87049.5,  86301.5,  85356.5},
	{  0.9,  87511.4,  87585,  87621.8,  87623.7,  87572.5,  87467.4,  87315.7,  87137.5,  86937.3,  86676.4,  86356.5,  85981.9,  85539.4,  85185.9,  84578.2},
}
