//-------------------------------------------------------------------
const float table[8][16] = 
{
	{  0.0,  1000.0,  1500.0,  2000.0,  2500.0,  3000.0,  3500.0,  4000.0,  4500.0,  5000.0,  5500.0,  6000.0,  6500.0,  7000.0,  7500.0,  8000.0},
	{  0.3,  109074,  108659,  108200,  107742,  107231,  106452,  105481,  104523,  103651,  102770,  101942,  101215,  100165,  98856.2,  97533.6},
	{  0.4,  107005,  106654,  106244,  105805,  105365,  104857,  104049,  103111,  102213,  101376,  100526,  99761.4,  99089.4,  97909.3,  96640.3},
	{  0.5,  105115,  104791,  104453,  104053,  103628,  103209,  102718,  101936,  101030,  100160,  99342.4,  98520.6,  97786.4,  97146.3,  95946.4},
	{  0.6,  103349,  103085,  102775,  102437,  102055,  101637,  101235,  100783,  100067,  99192.8,  98323.7,  97513.9,  96717.3,  95992.4,  95358.8},
	{  0.7,  101692,  101483,  101219,  100929,  100592,  100223,  99811,  99411.9,  98991.4,  98389.7,  97563.6,  96685,  95867.6,  95087.4,  94354.7},
	{  0.8,  100110,  99952.2,  99751.2,  99501.1,  99215.3,  98886,  98523.1,  98126.2,  97718.6,  97318.6,  96841.5,  96101.7,  95229.5,  94383.6,  93614.4},
	{  0.9,  98632.1,  98500.9,  98324,  98132.5,  97897.3,  97614.1,  97301.7,  96935.8,  96556.1,  96146,  95741.5,  95321.6,  94749.1,  93933.9,  93048.1},
}
